10 ' GET/PUT ARRAY (102 ENTRIES)
20 DIM B(102)
30 ' PRE-ALLOCATE VARIABLES
40 DIM A,D,L,V
50 ' 256x192 (32X24 OF 8X8 CHARS)
60 PMODE 4,1:PCLS:SCREEN 1,1
70 ' GET ADDRESS OF ARRAY DATA
80 V=VARPTR(B(0))
90 ' POKE 8X8 DATA IN TO IT
100 FOR L=V TO V+511:READ D:POKE L,D:NEXT
110 ' PUT THE DATA ON THE SCREEN
120 PUT(0,0)-(63,63),B
130 GOTO 130
140 ' BOMB DATA
150 DATA 24,24,24,24,24,24,24,24
160 DATA 24,24,24,24,24,24,24,24
170 DATA 60,60,60,60,60,60,60,60
180 DATA 118,118,118,118,118,118,118,118
190 DATA 122,122,122,122,122,122,122,122
200 DATA 126,126,126,126,126,126,126,126
210 DATA 126,126,126,126,126,126,126,126
220 DATA 60,60,60,60,60,60,60,60
230 DATA 24,24,24,24,24,24,24,24
240 DATA 24,24,24,24,24,24,24,24
250 DATA 60,60,60,60,60,60,60,60
260 DATA 118,118,118,118,118,118,118,118
270 DATA 122,122,122,122,122,122,122,122
280 DATA 126,126,126,126,126,126,126,126
290 DATA 126,126,126,126,126,126,126,126
300 DATA 60,60,60,60,60,60,60,60
310 DATA 24,24,24,24,24,24,24,24
320 DATA 24,24,24,24,24,24,24,24
330 DATA 60,60,60,60,60,60,60,60
340 DATA 118,118,118,118,118,118,118,118
350 DATA 122,122,122,122,122,122,122,122
360 DATA 126,126,126,126,126,126,126,126
370 DATA 126,126,126,126,126,126,126,126
380 DATA 60,60,60,60,60,60,60,60
390 DATA 24,24,24,24,24,24,24,24
400 DATA 24,24,24,24,24,24,24,24
410 DATA 60,60,60,60,60,60,60,60
420 DATA 118,118,118,118,118,118,118,118
430 DATA 122,122,122,122,122,122,122,122
440 DATA 126,126,126,126,126,126,126,126
450 DATA 126,126,126,126,126,126,126,126
460 DATA 60,60,60,60,60,60,60,60
470 DATA 24,24,24,24,24,24,24,24
480 DATA 24,24,24,24,24,24,24,24
490 DATA 60,60,60,60,60,60,60,60
500 DATA 118,118,118,118,118,118,118,118
510 DATA 122,122,122,122,122,122,122,122
520 DATA 126,126,126,126,126,126,126,126
530 DATA 126,126,126,126,126,126,126,126
540 DATA 60,60,60,60,60,60,60,60
550 DATA 24,24,24,24,24,24,24,24
560 DATA 24,24,24,24,24,24,24,24
570 DATA 60,60,60,60,60,60,60,60
580 DATA 118,118,118,118,118,118,118,118
590 DATA 122,122,122,122,122,122,122,122
600 DATA 126,126,126,126,126,126,126,126
610 DATA 126,126,126,126,126,126,126,126
620 DATA 60,60,60,60,60,60,60,60
630 DATA 24,24,24,24,24,24,24,24
640 DATA 24,24,24,24,24,24,24,24
650 DATA 60,60,60,60,60,60,60,60
660 DATA 118,118,118,118,118,118,118,118
670 DATA 122,122,122,122,122,122,122,122
680 DATA 126,126,126,126,126,126,126,126
690 DATA 126,126,126,126,126,126,126,126
700 DATA 60,60,60,60,60,60,60,60
710 DATA 24,24,24,24,24,24,24,24
720 DATA 24,24,24,24,24,24,24,24
730 DATA 60,60,60,60,60,60,60,60
740 DATA 118,118,118,118,118,118,118,118
750 DATA 122,122,122,122,122,122,122,122
760 DATA 126,126,126,126,126,126,126,126
770 DATA 126,126,126,126,126,126,126,126
780 DATA 60,60,60,60,60,60,60,60
